prist/00004.mp4
forged/00004_000-118.mp4
0 118
frame, x1, y1, x2, y2
0, 34, 96, 326, 574
1, 34, 94, 326, 572
2, 34, 94, 326, 572
3, 34, 94, 326, 572
4, 34, 94, 326, 572
5, 34, 94, 326, 572
6, 34, 94, 326, 572
7, 34, 94, 326, 572
8, 34, 94, 326, 572
9, 34, 94, 326, 572
10, 34, 94, 326, 572
11, 34, 94, 326, 572
12, 34, 94, 326, 572
13, 34, 94, 326, 572
14, 34, 94, 326, 572
15, 34, 94, 326, 572
16, 34, 94, 326, 572
17, 34, 94, 326, 572
18, 34, 94, 326, 572
19, 34, 94, 326, 572
20, 34, 94, 326, 572
21, 34, 94, 326, 572
22, 34, 94, 326, 572
23, 34, 94, 326, 572
24, 34, 94, 326, 572
25, 34, 94, 326, 572
26, 34, 94, 326, 572
27, 34, 94, 326, 572
28, 34, 94, 326, 572
29, 34, 94, 326, 572
30, 34, 94, 326, 572
31, 34, 94, 326, 572
32, 34, 94, 326, 572
33, 34, 94, 326, 572
34, 34, 94, 326, 572
35, 34, 94, 326, 572
36, 34, 94, 326, 572
37, 34, 94, 326, 572
38, 34, 94, 326, 572
39, 34, 94, 326, 572
40, 36, 94, 328, 572
41, 36, 94, 328, 572
42, 36, 94, 328, 572
43, 36, 94, 328, 572
44, 36, 94, 328, 572
45, 36, 94, 328, 572
46, 34, 94, 326, 572
47, 34, 94, 326, 572
48, 34, 94, 326, 572
49, 34, 94, 326, 572
50, 34, 98, 326, 576
51, 36, 94, 328, 572
52, 34, 96, 326, 574
53, 36, 94, 328, 572
54, 36, 94, 328, 572
55, 34, 94, 326, 572
56, 34, 94, 326, 572
57, 34, 94, 326, 572
58, 34, 94, 326, 572
59, 36, 94, 328, 572
60, 34, 94, 326, 572
61, 34, 94, 326, 572
62, 34, 94, 326, 572
63, 34, 94, 326, 572
64, 36, 94, 328, 572
65, 34, 94, 326, 572
66, 34, 94, 326, 572
67, 34, 94, 326, 572
68, 34, 94, 326, 572
69, 34, 94, 326, 572
70, 34, 94, 326, 572
71, 34, 94, 326, 572
72, 34, 94, 326, 572
73, 34, 94, 326, 572
74, 34, 94, 326, 572
75, 36, 94, 328, 572
76, 34, 94, 326, 572
77, 34, 94, 326, 572
78, 34, 94, 326, 572
79, 34, 94, 326, 572
80, 34, 94, 326, 572
81, 34, 94, 326, 572
82, 34, 94, 326, 572
83, 34, 94, 326, 572
84, 34, 94, 326, 572
85, 34, 94, 326, 572
86, 34, 94, 326, 572
87, 34, 94, 326, 572
88, 34, 94, 326, 572
89, 34, 94, 326, 572
90, 34, 94, 326, 572
91, 34, 94, 326, 572
92, 34, 94, 326, 572
93, 34, 94, 326, 572
94, 34, 94, 326, 572
95, 34, 94, 326, 572
96, 34, 94, 326, 572
97, 34, 94, 326, 572
98, 34, 94, 326, 572
99, 34, 92, 326, 570
100, 36, 94, 328, 572
101, 34, 94, 326, 572
102, 34, 94, 326, 572
103, 34, 94, 326, 572
104, 34, 94, 326, 572
105, 34, 94, 326, 572
106, 34, 94, 326, 572
107, 34, 94, 326, 572
108, 34, 94, 326, 572
109, 34, 94, 326, 572
110, 34, 94, 326, 572
111, 34, 94, 326, 572
112, 34, 94, 326, 572
113, 34, 94, 326, 572
114, 34, 94, 326, 572
115, 34, 94, 326, 572
116, 34, 94, 326, 572
117, 34, 94, 326, 572
118, 34, 94, 326, 572
119, 0, 0, 0, 0
120, 0, 0, 0, 0
121, 0, 0, 0, 0
122, 0, 0, 0, 0
123, 0, 0, 0, 0
124, 0, 0, 0, 0
125, 0, 0, 0, 0
126, 0, 0, 0, 0
127, 0, 0, 0, 0
128, 0, 0, 0, 0
129, 0, 0, 0, 0
130, 0, 0, 0, 0
131, 0, 0, 0, 0
132, 0, 0, 0, 0
133, 0, 0, 0, 0
134, 0, 0, 0, 0
135, 0, 0, 0, 0
136, 0, 0, 0, 0
137, 0, 0, 0, 0
138, 0, 0, 0, 0
139, 0, 0, 0, 0
140, 0, 0, 0, 0
141, 0, 0, 0, 0
142, 0, 0, 0, 0
143, 0, 0, 0, 0
144, 0, 0, 0, 0
145, 0, 0, 0, 0
146, 0, 0, 0, 0
147, 0, 0, 0, 0
148, 0, 0, 0, 0
149, 0, 0, 0, 0
150, 0, 0, 0, 0
151, 0, 0, 0, 0
152, 0, 0, 0, 0
153, 0, 0, 0, 0
154, 0, 0, 0, 0
155, 0, 0, 0, 0
156, 0, 0, 0, 0
157, 0, 0, 0, 0
158, 0, 0, 0, 0
159, 0, 0, 0, 0
160, 0, 0, 0, 0
161, 0, 0, 0, 0
162, 0, 0, 0, 0
163, 0, 0, 0, 0
164, 0, 0, 0, 0
165, 0, 0, 0, 0
166, 0, 0, 0, 0
167, 0, 0, 0, 0
168, 0, 0, 0, 0
169, 0, 0, 0, 0
170, 0, 0, 0, 0
171, 0, 0, 0, 0
172, 0, 0, 0, 0
173, 0, 0, 0, 0
174, 0, 0, 0, 0
175, 0, 0, 0, 0
176, 0, 0, 0, 0
177, 0, 0, 0, 0
178, 0, 0, 0, 0
179, 0, 0, 0, 0
180, 0, 0, 0, 0
181, 0, 0, 0, 0
182, 0, 0, 0, 0
183, 0, 0, 0, 0
184, 0, 0, 0, 0
185, 0, 0, 0, 0
186, 0, 0, 0, 0
187, 0, 0, 0, 0
188, 0, 0, 0, 0
189, 0, 0, 0, 0
190, 0, 0, 0, 0
191, 0, 0, 0, 0
192, 0, 0, 0, 0
193, 0, 0, 0, 0
194, 0, 0, 0, 0
195, 0, 0, 0, 0
196, 0, 0, 0, 0
197, 0, 0, 0, 0
198, 0, 0, 0, 0
199, 0, 0, 0, 0
200, 0, 0, 0, 0
201, 0, 0, 0, 0
202, 0, 0, 0, 0
203, 0, 0, 0, 0
204, 0, 0, 0, 0
205, 0, 0, 0, 0
206, 0, 0, 0, 0
207, 0, 0, 0, 0
208, 0, 0, 0, 0
209, 0, 0, 0, 0
210, 0, 0, 0, 0
211, 0, 0, 0, 0
212, 0, 0, 0, 0
213, 0, 0, 0, 0
214, 0, 0, 0, 0
215, 0, 0, 0, 0
216, 0, 0, 0, 0
217, 0, 0, 0, 0
218, 0, 0, 0, 0
219, 0, 0, 0, 0
220, 0, 0, 0, 0
221, 0, 0, 0, 0
222, 0, 0, 0, 0
223, 0, 0, 0, 0
224, 0, 0, 0, 0
225, 0, 0, 0, 0
226, 0, 0, 0, 0
227, 0, 0, 0, 0
228, 0, 0, 0, 0
229, 0, 0, 0, 0
230, 0, 0, 0, 0
231, 0, 0, 0, 0
232, 0, 0, 0, 0
233, 0, 0, 0, 0
234, 0, 0, 0, 0
235, 0, 0, 0, 0
236, 0, 0, 0, 0
237, 0, 0, 0, 0
238, 0, 0, 0, 0
239, 0, 0, 0, 0
240, 0, 0, 0, 0
241, 0, 0, 0, 0
242, 0, 0, 0, 0
243, 0, 0, 0, 0
244, 0, 0, 0, 0
245, 0, 0, 0, 0
246, 0, 0, 0, 0
247, 0, 0, 0, 0
248, 0, 0, 0, 0
249, 0, 0, 0, 0
250, 0, 0, 0, 0
251, 0, 0, 0, 0
252, 0, 0, 0, 0
253, 0, 0, 0, 0
254, 0, 0, 0, 0
255, 0, 0, 0, 0
256, 0, 0, 0, 0
257, 0, 0, 0, 0
258, 0, 0, 0, 0
259, 0, 0, 0, 0
260, 0, 0, 0, 0
261, 0, 0, 0, 0
262, 0, 0, 0, 0
263, 0, 0, 0, 0
264, 0, 0, 0, 0
265, 0, 0, 0, 0
266, 0, 0, 0, 0
267, 0, 0, 0, 0
268, 0, 0, 0, 0
269, 0, 0, 0, 0
270, 0, 0, 0, 0
271, 0, 0, 0, 0
272, 0, 0, 0, 0
273, 0, 0, 0, 0
274, 0, 0, 0, 0
275, 0, 0, 0, 0
276, 0, 0, 0, 0
277, 0, 0, 0, 0
278, 0, 0, 0, 0
279, 0, 0, 0, 0
280, 0, 0, 0, 0
281, 0, 0, 0, 0
282, 0, 0, 0, 0
283, 0, 0, 0, 0
284, 0, 0, 0, 0
285, 0, 0, 0, 0
286, 0, 0, 0, 0
287, 0, 0, 0, 0
