prist/00026.mp4
forged/00026_000-125.mp4
0 125
frame, x1, y1, x2, y2
0, 416, 170, 944, 706
1, 424, 168, 952, 704
2, 432, 168, 960, 704
3, 436, 168, 964, 704
4, 442, 168, 970, 704
5, 450, 166, 978, 702
6, 460, 166, 988, 702
7, 472, 166, 1000, 702
8, 478, 166, 1006, 702
9, 488, 164, 1016, 700
10, 500, 160, 1028, 696
11, 506, 158, 1034, 694
12, 510, 160, 1038, 696
13, 516, 164, 1044, 700
14, 526, 168, 1054, 704
15, 526, 166, 1054, 702
16, 540, 164, 1068, 700
17, 574, 160, 1102, 700
18, 580, 160, 1108, 700
19, 586, 160, 1114, 700
20, 590, 158, 1118, 698
21, 598, 158, 1126, 698
22, 610, 152, 1138, 692
23, 618, 150, 1146, 690
24, 630, 148, 1158, 688
25, 636, 144, 1164, 684
26, 646, 142, 1174, 682
27, 654, 140, 1182, 680
28, 662, 138, 1190, 678
29, 668, 138, 1196, 678
30, 674, 136, 1202, 676
31, 676, 136, 1204, 676
32, 684, 138, 1212, 678
33, 686, 136, 1214, 676
34, 692, 136, 1220, 676
35, 696, 134, 1224, 674
36, 770, 156, 1244, 702
37, 774, 160, 1248, 706
38, 778, 156, 1252, 702
39, 778, 154, 1252, 700
40, 780, 154, 1254, 700
41, 780, 152, 1254, 698
42, 820, 182, 1262, 688
43, 820, 180, 1262, 686
44, 824, 180, 1266, 686
45, 828, 178, 1270, 684
46, 834, 178, 1276, 684
47, 836, 176, 1278, 682
48, 836, 174, 1278, 680
49, 836, 174, 1278, 680
50, 836, 174, 1278, 680
51, 900, 196, 1262, 694
52, 904, 198, 1266, 696
53, 910, 198, 1272, 696
54, 914, 198, 1276, 696
55, 916, 198, 1278, 696
56, 916, 198, 1278, 696
57, 916, 196, 1278, 694
58, 944, 204, 1270, 700
59, 948, 202, 1274, 698
60, 950, 202, 1276, 698
61, 952, 210, 1278, 706
62, 998, 194, 1258, 688
63, 1002, 194, 1262, 688
64, 1006, 192, 1266, 686
65, 1008, 196, 1268, 690
66, 1010, 198, 1270, 692
67, 1016, 198, 1276, 692
68, 1018, 200, 1278, 694
69, 1018, 200, 1278, 694
70, 1018, 198, 1278, 692
71, 1018, 200, 1278, 694
72, 1018, 198, 1278, 692
73, 1018, 200, 1278, 694
74, 1018, 200, 1278, 694
75, 1018, 202, 1278, 696
76, 1018, 202, 1278, 696
77, 1018, 200, 1278, 694
78, 1018, 202, 1278, 696
79, 1018, 202, 1278, 696
80, 1018, 202, 1278, 696
81, 1018, 202, 1278, 696
82, 1018, 202, 1278, 696
83, 1018, 202, 1278, 696
84, 1018, 202, 1278, 696
85, 1018, 202, 1278, 696
86, 1018, 202, 1278, 696
87, 1018, 202, 1278, 696
88, 1018, 202, 1278, 696
89, 1018, 202, 1278, 696
90, 1018, 202, 1278, 696
91, 1018, 202, 1278, 696
92, 1018, 202, 1278, 696
93, 1018, 204, 1278, 698
94, 1018, 204, 1278, 698
95, 1018, 204, 1278, 698
96, 1018, 204, 1278, 698
97, 1018, 204, 1278, 698
98, 1090, 216, 1266, 694
99, 1090, 216, 1266, 694
100, 1092, 214, 1268, 692
101, 1092, 214, 1268, 692
102, 1092, 214, 1268, 692
103, 1092, 214, 1268, 692
104, 1092, 214, 1268, 692
105, 1094, 214, 1270, 692
106, 1092, 214, 1268, 692
107, 1092, 214, 1268, 692
108, 1094, 214, 1270, 692
109, 1094, 214, 1270, 692
110, 1094, 214, 1270, 692
111, 1094, 214, 1270, 692
112, 1094, 214, 1270, 692
113, 1094, 214, 1270, 692
114, 1094, 214, 1270, 692
115, 1094, 214, 1270, 692
116, 1094, 214, 1270, 692
117, 1094, 214, 1270, 692
118, 1094, 214, 1270, 692
119, 1094, 214, 1270, 692
120, 1094, 214, 1270, 692
121, 1094, 214, 1270, 692
122, 1134, 234, 1270, 708
123, 1134, 234, 1270, 708
124, 1134, 234, 1270, 708
125, 1134, 236, 1270, 710
126, 0, 0, 0, 0
127, 0, 0, 0, 0
128, 0, 0, 0, 0
129, 0, 0, 0, 0
130, 0, 0, 0, 0
131, 0, 0, 0, 0
132, 0, 0, 0, 0
133, 0, 0, 0, 0
134, 0, 0, 0, 0
135, 0, 0, 0, 0
136, 0, 0, 0, 0
137, 0, 0, 0, 0
138, 0, 0, 0, 0
139, 0, 0, 0, 0
140, 0, 0, 0, 0
141, 0, 0, 0, 0
142, 0, 0, 0, 0
143, 0, 0, 0, 0
144, 0, 0, 0, 0
145, 0, 0, 0, 0
146, 0, 0, 0, 0
147, 0, 0, 0, 0
148, 0, 0, 0, 0
149, 0, 0, 0, 0
150, 0, 0, 0, 0
151, 0, 0, 0, 0
152, 0, 0, 0, 0
153, 0, 0, 0, 0
154, 0, 0, 0, 0
155, 0, 0, 0, 0
156, 0, 0, 0, 0
157, 0, 0, 0, 0
158, 0, 0, 0, 0
159, 0, 0, 0, 0
160, 0, 0, 0, 0
161, 0, 0, 0, 0
162, 0, 0, 0, 0
163, 0, 0, 0, 0
164, 0, 0, 0, 0
165, 0, 0, 0, 0
166, 0, 0, 0, 0
167, 0, 0, 0, 0
168, 0, 0, 0, 0
169, 0, 0, 0, 0
170, 0, 0, 0, 0
171, 0, 0, 0, 0
172, 0, 0, 0, 0
173, 0, 0, 0, 0
174, 0, 0, 0, 0
175, 0, 0, 0, 0
176, 0, 0, 0, 0
177, 0, 0, 0, 0
178, 0, 0, 0, 0
179, 0, 0, 0, 0
180, 0, 0, 0, 0
181, 0, 0, 0, 0
182, 0, 0, 0, 0
183, 0, 0, 0, 0
184, 0, 0, 0, 0
185, 0, 0, 0, 0
186, 0, 0, 0, 0
187, 0, 0, 0, 0
188, 0, 0, 0, 0
189, 0, 0, 0, 0
190, 0, 0, 0, 0
191, 0, 0, 0, 0
192, 0, 0, 0, 0
193, 0, 0, 0, 0
194, 0, 0, 0, 0
195, 0, 0, 0, 0
196, 0, 0, 0, 0
197, 0, 0, 0, 0
198, 0, 0, 0, 0
199, 0, 0, 0, 0
200, 0, 0, 0, 0
201, 0, 0, 0, 0
202, 0, 0, 0, 0
203, 0, 0, 0, 0
204, 0, 0, 0, 0
205, 0, 0, 0, 0
206, 0, 0, 0, 0
207, 0, 0, 0, 0
208, 0, 0, 0, 0
209, 0, 0, 0, 0
210, 0, 0, 0, 0
211, 0, 0, 0, 0
212, 0, 0, 0, 0
213, 0, 0, 0, 0
214, 0, 0, 0, 0
215, 0, 0, 0, 0
216, 0, 0, 0, 0
217, 0, 0, 0, 0
218, 0, 0, 0, 0
219, 0, 0, 0, 0
220, 0, 0, 0, 0
221, 0, 0, 0, 0
222, 0, 0, 0, 0
223, 0, 0, 0, 0
224, 0, 0, 0, 0
225, 0, 0, 0, 0
226, 0, 0, 0, 0
227, 0, 0, 0, 0
228, 0, 0, 0, 0
229, 0, 0, 0, 0
230, 0, 0, 0, 0
231, 0, 0, 0, 0
232, 0, 0, 0, 0
233, 0, 0, 0, 0
234, 0, 0, 0, 0
235, 0, 0, 0, 0
236, 0, 0, 0, 0
237, 0, 0, 0, 0
238, 0, 0, 0, 0
239, 0, 0, 0, 0
240, 0, 0, 0, 0
241, 0, 0, 0, 0
242, 0, 0, 0, 0
243, 0, 0, 0, 0
244, 0, 0, 0, 0
245, 0, 0, 0, 0
246, 0, 0, 0, 0
247, 0, 0, 0, 0
248, 0, 0, 0, 0
249, 0, 0, 0, 0
250, 0, 0, 0, 0
251, 0, 0, 0, 0
252, 0, 0, 0, 0
253, 0, 0, 0, 0
254, 0, 0, 0, 0
255, 0, 0, 0, 0
256, 0, 0, 0, 0
257, 0, 0, 0, 0
258, 0, 0, 0, 0
259, 0, 0, 0, 0
260, 0, 0, 0, 0
261, 0, 0, 0, 0
262, 0, 0, 0, 0
263, 0, 0, 0, 0
264, 0, 0, 0, 0
265, 0, 0, 0, 0
266, 0, 0, 0, 0
267, 0, 0, 0, 0
268, 0, 0, 0, 0
269, 0, 0, 0, 0
270, 0, 0, 0, 0
271, 0, 0, 0, 0
272, 0, 0, 0, 0
273, 0, 0, 0, 0
274, 0, 0, 0, 0
275, 0, 0, 0, 0
276, 0, 0, 0, 0
277, 0, 0, 0, 0
278, 0, 0, 0, 0
279, 0, 0, 0, 0
280, 0, 0, 0, 0
281, 0, 0, 0, 0
282, 0, 0, 0, 0
283, 0, 0, 0, 0
284, 0, 0, 0, 0
285, 0, 0, 0, 0
286, 0, 0, 0, 0
287, 0, 0, 0, 0
288, 0, 0, 0, 0
