prist/00030.mp4
forged/00030_000-065.mp4
0 65
frame, x1, y1, x2, y2
0, 952, 304, 1198, 702
1, 960, 304, 1206, 702
2, 970, 304, 1216, 702
3, 980, 304, 1226, 702
4, 988, 302, 1234, 700
5, 996, 302, 1242, 700
6, 1006, 296, 1252, 694
7, 1016, 292, 1262, 690
8, 1022, 288, 1268, 686
9, 1030, 286, 1276, 684
10, 1032, 286, 1278, 684
11, 1032, 294, 1278, 692
12, 1032, 302, 1278, 700
13, 1032, 308, 1278, 706
14, 1032, 310, 1278, 708
15, 1032, 310, 1278, 708
16, 1028, 296, 1274, 694
17, 1032, 294, 1278, 692
18, 1032, 296, 1278, 694
19, 1032, 296, 1278, 694
20, 1070, 272, 1266, 702
21, 1074, 270, 1270, 700
22, 1076, 272, 1272, 702
23, 1080, 274, 1276, 704
24, 1082, 274, 1278, 704
25, 1082, 274, 1278, 704
26, 1082, 274, 1278, 704
27, 1082, 274, 1278, 704
28, 1082, 276, 1278, 706
29, 1082, 276, 1278, 706
30, 1082, 276, 1278, 706
31, 1082, 276, 1278, 706
32, 1080, 276, 1276, 706
33, 1080, 276, 1276, 706
34, 1080, 276, 1276, 706
35, 1080, 276, 1276, 706
36, 1080, 276, 1276, 706
37, 1080, 276, 1276, 706
38, 1080, 276, 1276, 706
39, 1080, 276, 1276, 706
40, 1080, 276, 1276, 706
41, 1080, 276, 1276, 706
42, 1080, 276, 1276, 706
43, 1080, 276, 1276, 706
44, 1080, 276, 1276, 706
45, 1080, 276, 1276, 706
46, 1080, 276, 1276, 706
47, 1080, 276, 1276, 706
48, 1080, 276, 1276, 706
49, 1080, 276, 1276, 706
50, 1082, 276, 1278, 706
51, 1082, 276, 1278, 706
52, 1082, 276, 1278, 706
53, 1080, 276, 1276, 706
54, 1082, 276, 1278, 706
55, 1082, 276, 1278, 706
56, 1080, 276, 1276, 706
57, 1082, 276, 1278, 706
58, 1082, 276, 1278, 706
59, 1082, 276, 1278, 706
60, 1082, 276, 1278, 706
61, 1082, 276, 1278, 706
62, 1082, 276, 1278, 706
63, 1082, 276, 1278, 706
64, 1082, 276, 1278, 706
65, 1082, 276, 1278, 706
66, 0, 0, 0, 0
67, 0, 0, 0, 0
68, 0, 0, 0, 0
69, 0, 0, 0, 0
70, 0, 0, 0, 0
71, 0, 0, 0, 0
72, 0, 0, 0, 0
73, 0, 0, 0, 0
74, 0, 0, 0, 0
75, 0, 0, 0, 0
76, 0, 0, 0, 0
77, 0, 0, 0, 0
78, 0, 0, 0, 0
79, 0, 0, 0, 0
80, 0, 0, 0, 0
81, 0, 0, 0, 0
82, 0, 0, 0, 0
83, 0, 0, 0, 0
84, 0, 0, 0, 0
85, 0, 0, 0, 0
86, 0, 0, 0, 0
87, 0, 0, 0, 0
88, 0, 0, 0, 0
89, 0, 0, 0, 0
90, 0, 0, 0, 0
91, 0, 0, 0, 0
92, 0, 0, 0, 0
93, 0, 0, 0, 0
94, 0, 0, 0, 0
95, 0, 0, 0, 0
96, 0, 0, 0, 0
97, 0, 0, 0, 0
98, 0, 0, 0, 0
99, 0, 0, 0, 0
100, 0, 0, 0, 0
101, 0, 0, 0, 0
102, 0, 0, 0, 0
103, 0, 0, 0, 0
104, 0, 0, 0, 0
105, 0, 0, 0, 0
106, 0, 0, 0, 0
107, 0, 0, 0, 0
108, 0, 0, 0, 0
109, 0, 0, 0, 0
110, 0, 0, 0, 0
111, 0, 0, 0, 0
112, 0, 0, 0, 0
113, 0, 0, 0, 0
114, 0, 0, 0, 0
115, 0, 0, 0, 0
116, 0, 0, 0, 0
117, 0, 0, 0, 0
118, 0, 0, 0, 0
119, 0, 0, 0, 0
120, 0, 0, 0, 0
121, 0, 0, 0, 0
122, 0, 0, 0, 0
123, 0, 0, 0, 0
124, 0, 0, 0, 0
125, 0, 0, 0, 0
126, 0, 0, 0, 0
127, 0, 0, 0, 0
128, 0, 0, 0, 0
129, 0, 0, 0, 0
130, 0, 0, 0, 0
131, 0, 0, 0, 0
132, 0, 0, 0, 0
133, 0, 0, 0, 0
134, 0, 0, 0, 0
135, 0, 0, 0, 0
136, 0, 0, 0, 0
137, 0, 0, 0, 0
138, 0, 0, 0, 0
139, 0, 0, 0, 0
140, 0, 0, 0, 0
141, 0, 0, 0, 0
142, 0, 0, 0, 0
143, 0, 0, 0, 0
144, 0, 0, 0, 0
145, 0, 0, 0, 0
146, 0, 0, 0, 0
147, 0, 0, 0, 0
148, 0, 0, 0, 0
149, 0, 0, 0, 0
150, 0, 0, 0, 0
151, 0, 0, 0, 0
152, 0, 0, 0, 0
153, 0, 0, 0, 0
154, 0, 0, 0, 0
155, 0, 0, 0, 0
156, 0, 0, 0, 0
157, 0, 0, 0, 0
158, 0, 0, 0, 0
159, 0, 0, 0, 0
160, 0, 0, 0, 0
161, 0, 0, 0, 0
162, 0, 0, 0, 0
163, 0, 0, 0, 0
164, 0, 0, 0, 0
165, 0, 0, 0, 0
166, 0, 0, 0, 0
167, 0, 0, 0, 0
168, 0, 0, 0, 0
169, 0, 0, 0, 0
170, 0, 0, 0, 0
171, 0, 0, 0, 0
172, 0, 0, 0, 0
173, 0, 0, 0, 0
174, 0, 0, 0, 0
175, 0, 0, 0, 0
176, 0, 0, 0, 0
177, 0, 0, 0, 0
178, 0, 0, 0, 0
179, 0, 0, 0, 0
180, 0, 0, 0, 0
181, 0, 0, 0, 0
182, 0, 0, 0, 0
183, 0, 0, 0, 0
184, 0, 0, 0, 0
185, 0, 0, 0, 0
186, 0, 0, 0, 0
187, 0, 0, 0, 0
188, 0, 0, 0, 0
189, 0, 0, 0, 0
190, 0, 0, 0, 0
191, 0, 0, 0, 0
192, 0, 0, 0, 0
193, 0, 0, 0, 0
194, 0, 0, 0, 0
195, 0, 0, 0, 0
196, 0, 0, 0, 0
197, 0, 0, 0, 0
198, 0, 0, 0, 0
199, 0, 0, 0, 0
200, 0, 0, 0, 0
201, 0, 0, 0, 0
202, 0, 0, 0, 0
203, 0, 0, 0, 0
204, 0, 0, 0, 0
205, 0, 0, 0, 0
206, 0, 0, 0, 0
207, 0, 0, 0, 0
208, 0, 0, 0, 0
209, 0, 0, 0, 0
210, 0, 0, 0, 0
211, 0, 0, 0, 0
212, 0, 0, 0, 0
213, 0, 0, 0, 0
214, 0, 0, 0, 0
215, 0, 0, 0, 0
216, 0, 0, 0, 0
217, 0, 0, 0, 0
218, 0, 0, 0, 0
219, 0, 0, 0, 0
220, 0, 0, 0, 0
221, 0, 0, 0, 0
222, 0, 0, 0, 0
223, 0, 0, 0, 0
224, 0, 0, 0, 0
225, 0, 0, 0, 0
226, 0, 0, 0, 0
227, 0, 0, 0, 0
228, 0, 0, 0, 0
229, 0, 0, 0, 0
230, 0, 0, 0, 0
231, 0, 0, 0, 0
232, 0, 0, 0, 0
233, 0, 0, 0, 0
234, 0, 0, 0, 0
235, 0, 0, 0, 0
236, 0, 0, 0, 0
237, 0, 0, 0, 0
238, 0, 0, 0, 0
239, 0, 0, 0, 0
240, 0, 0, 0, 0
241, 0, 0, 0, 0
242, 0, 0, 0, 0
243, 0, 0, 0, 0
244, 0, 0, 0, 0
245, 0, 0, 0, 0
246, 0, 0, 0, 0
247, 0, 0, 0, 0
248, 0, 0, 0, 0
249, 0, 0, 0, 0
250, 0, 0, 0, 0
251, 0, 0, 0, 0
252, 0, 0, 0, 0
253, 0, 0, 0, 0
254, 0, 0, 0, 0
255, 0, 0, 0, 0
256, 0, 0, 0, 0
257, 0, 0, 0, 0
258, 0, 0, 0, 0
259, 0, 0, 0, 0
260, 0, 0, 0, 0
261, 0, 0, 0, 0
262, 0, 0, 0, 0
263, 0, 0, 0, 0
264, 0, 0, 0, 0
265, 0, 0, 0, 0
266, 0, 0, 0, 0
267, 0, 0, 0, 0
268, 0, 0, 0, 0
269, 0, 0, 0, 0
270, 0, 0, 0, 0
271, 0, 0, 0, 0
272, 0, 0, 0, 0
273, 0, 0, 0, 0
274, 0, 0, 0, 0
275, 0, 0, 0, 0
276, 0, 0, 0, 0
277, 0, 0, 0, 0
278, 0, 0, 0, 0
279, 0, 0, 0, 0
280, 0, 0, 0, 0
281, 0, 0, 0, 0
282, 0, 0, 0, 0
283, 0, 0, 0, 0
284, 0, 0, 0, 0
285, 0, 0, 0, 0
286, 0, 0, 0, 0
287, 0, 0, 0, 0
