prist/00048.mp4
forged/00048_000-124.mp4
0 124
frame, x1, y1, x2, y2
0, 12, 354, 248, 718
1, 12, 352, 248, 716
2, 12, 354, 248, 718
3, 12, 354, 248, 718
4, 12, 354, 248, 718
5, 10, 354, 246, 718
6, 10, 354, 246, 718
7, 8, 354, 244, 718
8, 8, 354, 244, 718
9, 8, 354, 244, 718
10, 8, 354, 244, 718
11, 8, 354, 244, 718
12, 8, 354, 244, 718
13, 8, 354, 244, 718
14, 8, 354, 244, 718
15, 8, 352, 244, 716
16, 8, 354, 244, 718
17, 10, 354, 246, 718
18, 10, 352, 246, 716
19, 10, 352, 246, 716
20, 10, 354, 246, 718
21, 10, 354, 246, 718
22, 10, 352, 246, 716
23, 10, 352, 246, 716
24, 10, 352, 246, 716
25, 10, 352, 246, 716
26, 10, 352, 246, 716
27, 10, 352, 246, 716
28, 10, 352, 246, 716
29, 10, 352, 246, 716
30, 10, 352, 246, 716
31, 10, 354, 246, 718
32, 10, 354, 246, 718
33, 12, 354, 248, 718
34, 12, 354, 248, 718
35, 12, 354, 248, 718
36, 12, 354, 248, 718
37, 12, 352, 248, 716
38, 12, 354, 248, 718
39, 12, 354, 248, 718
40, 12, 354, 248, 718
41, 12, 352, 248, 716
42, 12, 354, 248, 718
43, 12, 354, 248, 718
44, 12, 354, 248, 718
45, 12, 354, 248, 718
46, 12, 354, 248, 718
47, 12, 354, 248, 718
48, 12, 354, 248, 718
49, 12, 352, 248, 716
50, 14, 352, 250, 716
51, 14, 354, 250, 718
52, 12, 354, 248, 718
53, 12, 352, 248, 716
54, 12, 354, 248, 718
55, 12, 354, 248, 718
56, 12, 352, 248, 716
57, 12, 352, 248, 716
58, 14, 352, 250, 716
59, 14, 354, 250, 718
60, 14, 354, 250, 718
61, 14, 354, 250, 718
62, 14, 354, 250, 718
63, 14, 354, 250, 718
64, 14, 352, 250, 716
65, 14, 354, 250, 718
66, 14, 354, 250, 718
67, 14, 354, 250, 718
68, 14, 354, 250, 718
69, 14, 354, 250, 718
70, 14, 354, 250, 718
71, 14, 354, 250, 718
72, 14, 354, 250, 718
73, 14, 354, 250, 718
74, 14, 354, 250, 718
75, 14, 354, 250, 718
76, 14, 354, 250, 718
77, 14, 354, 250, 718
78, 14, 354, 250, 718
79, 14, 354, 250, 718
80, 14, 354, 250, 718
81, 14, 354, 250, 718
82, 14, 354, 250, 718
83, 14, 354, 250, 718
84, 14, 354, 250, 718
85, 14, 354, 250, 718
86, 16, 354, 252, 718
87, 14, 354, 250, 718
88, 14, 354, 250, 718
89, 14, 354, 250, 718
90, 14, 354, 250, 718
91, 16, 354, 252, 718
92, 16, 354, 252, 718
93, 16, 354, 252, 718
94, 16, 354, 252, 718
95, 16, 354, 252, 718
96, 16, 354, 252, 718
97, 16, 354, 252, 718
98, 16, 354, 252, 718
99, 16, 354, 252, 718
100, 16, 354, 252, 718
101, 16, 354, 252, 718
102, 16, 354, 252, 718
103, 16, 354, 252, 718
104, 16, 354, 252, 718
105, 16, 354, 252, 718
106, 14, 354, 250, 718
107, 16, 354, 252, 718
108, 14, 354, 250, 718
109, 14, 354, 250, 718
110, 14, 354, 250, 718
111, 14, 354, 250, 718
112, 14, 354, 250, 718
113, 14, 354, 250, 718
114, 14, 354, 250, 718
115, 14, 354, 250, 718
116, 14, 354, 250, 718
117, 14, 354, 250, 718
118, 14, 354, 250, 718
119, 14, 354, 250, 718
120, 14, 354, 250, 718
121, 14, 354, 250, 718
122, 14, 354, 250, 718
123, 16, 354, 252, 718
124, 16, 352, 252, 716
125, 0, 0, 0, 0
126, 0, 0, 0, 0
127, 0, 0, 0, 0
128, 0, 0, 0, 0
129, 0, 0, 0, 0
130, 0, 0, 0, 0
131, 0, 0, 0, 0
132, 0, 0, 0, 0
133, 0, 0, 0, 0
134, 0, 0, 0, 0
135, 0, 0, 0, 0
136, 0, 0, 0, 0
137, 0, 0, 0, 0
138, 0, 0, 0, 0
139, 0, 0, 0, 0
140, 0, 0, 0, 0
141, 0, 0, 0, 0
142, 0, 0, 0, 0
143, 0, 0, 0, 0
144, 0, 0, 0, 0
145, 0, 0, 0, 0
146, 0, 0, 0, 0
147, 0, 0, 0, 0
148, 0, 0, 0, 0
149, 0, 0, 0, 0
150, 0, 0, 0, 0
151, 0, 0, 0, 0
152, 0, 0, 0, 0
153, 0, 0, 0, 0
154, 0, 0, 0, 0
155, 0, 0, 0, 0
156, 0, 0, 0, 0
157, 0, 0, 0, 0
158, 0, 0, 0, 0
159, 0, 0, 0, 0
160, 0, 0, 0, 0
161, 0, 0, 0, 0
162, 0, 0, 0, 0
163, 0, 0, 0, 0
164, 0, 0, 0, 0
165, 0, 0, 0, 0
166, 0, 0, 0, 0
167, 0, 0, 0, 0
168, 0, 0, 0, 0
169, 0, 0, 0, 0
170, 0, 0, 0, 0
171, 0, 0, 0, 0
172, 0, 0, 0, 0
173, 0, 0, 0, 0
174, 0, 0, 0, 0
175, 0, 0, 0, 0
176, 0, 0, 0, 0
177, 0, 0, 0, 0
178, 0, 0, 0, 0
179, 0, 0, 0, 0
180, 0, 0, 0, 0
181, 0, 0, 0, 0
182, 0, 0, 0, 0
183, 0, 0, 0, 0
184, 0, 0, 0, 0
185, 0, 0, 0, 0
186, 0, 0, 0, 0
187, 0, 0, 0, 0
188, 0, 0, 0, 0
189, 0, 0, 0, 0
190, 0, 0, 0, 0
191, 0, 0, 0, 0
192, 0, 0, 0, 0
193, 0, 0, 0, 0
194, 0, 0, 0, 0
195, 0, 0, 0, 0
196, 0, 0, 0, 0
197, 0, 0, 0, 0
198, 0, 0, 0, 0
199, 0, 0, 0, 0
200, 0, 0, 0, 0
201, 0, 0, 0, 0
202, 0, 0, 0, 0
203, 0, 0, 0, 0
204, 0, 0, 0, 0
205, 0, 0, 0, 0
206, 0, 0, 0, 0
207, 0, 0, 0, 0
208, 0, 0, 0, 0
209, 0, 0, 0, 0
210, 0, 0, 0, 0
211, 0, 0, 0, 0
212, 0, 0, 0, 0
213, 0, 0, 0, 0
214, 0, 0, 0, 0
215, 0, 0, 0, 0
216, 0, 0, 0, 0
217, 0, 0, 0, 0
218, 0, 0, 0, 0
219, 0, 0, 0, 0
220, 0, 0, 0, 0
221, 0, 0, 0, 0
222, 0, 0, 0, 0
223, 0, 0, 0, 0
224, 0, 0, 0, 0
225, 0, 0, 0, 0
226, 0, 0, 0, 0
227, 0, 0, 0, 0
228, 0, 0, 0, 0
229, 0, 0, 0, 0
230, 0, 0, 0, 0
231, 0, 0, 0, 0
232, 0, 0, 0, 0
233, 0, 0, 0, 0
234, 0, 0, 0, 0
235, 0, 0, 0, 0
236, 0, 0, 0, 0
237, 0, 0, 0, 0
238, 0, 0, 0, 0
239, 0, 0, 0, 0
240, 0, 0, 0, 0
241, 0, 0, 0, 0
242, 0, 0, 0, 0
243, 0, 0, 0, 0
244, 0, 0, 0, 0
245, 0, 0, 0, 0
246, 0, 0, 0, 0
247, 0, 0, 0, 0
248, 0, 0, 0, 0
249, 0, 0, 0, 0
250, 0, 0, 0, 0
251, 0, 0, 0, 0
252, 0, 0, 0, 0
253, 0, 0, 0, 0
254, 0, 0, 0, 0
255, 0, 0, 0, 0
256, 0, 0, 0, 0
257, 0, 0, 0, 0
258, 0, 0, 0, 0
259, 0, 0, 0, 0
260, 0, 0, 0, 0
261, 0, 0, 0, 0
262, 0, 0, 0, 0
263, 0, 0, 0, 0
264, 0, 0, 0, 0
265, 0, 0, 0, 0
266, 0, 0, 0, 0
267, 0, 0, 0, 0
268, 0, 0, 0, 0
269, 0, 0, 0, 0
270, 0, 0, 0, 0
271, 0, 0, 0, 0
272, 0, 0, 0, 0
273, 0, 0, 0, 0
274, 0, 0, 0, 0
275, 0, 0, 0, 0
276, 0, 0, 0, 0
277, 0, 0, 0, 0
278, 0, 0, 0, 0
279, 0, 0, 0, 0
280, 0, 0, 0, 0
281, 0, 0, 0, 0
282, 0, 0, 0, 0
283, 0, 0, 0, 0
284, 0, 0, 0, 0
285, 0, 0, 0, 0
286, 0, 0, 0, 0
287, 0, 0, 0, 0
288, 0, 0, 0, 0
289, 0, 0, 0, 0
290, 0, 0, 0, 0
291, 0, 0, 0, 0
292, 0, 0, 0, 0
293, 0, 0, 0, 0
294, 0, 0, 0, 0
295, 0, 0, 0, 0
