prist/00080.mp4
forged/00080_000-123.mp4
0 124
frame, x1, y1, x2, y2
0, 186, 214, 354, 642
1, 186, 214, 354, 642
2, 186, 214, 354, 642
3, 186, 214, 354, 642
4, 186, 214, 354, 642
5, 186, 214, 354, 642
6, 186, 214, 354, 642
7, 186, 214, 354, 642
8, 186, 214, 354, 642
9, 186, 214, 354, 642
10, 186, 214, 354, 642
11, 186, 214, 354, 642
12, 186, 214, 354, 642
13, 186, 214, 354, 642
14, 186, 214, 354, 642
15, 186, 214, 354, 642
16, 186, 214, 354, 642
17, 186, 214, 354, 642
18, 186, 214, 354, 642
19, 186, 214, 354, 642
20, 186, 214, 354, 642
21, 186, 214, 354, 642
22, 186, 214, 354, 642
23, 186, 214, 354, 642
24, 186, 214, 354, 642
25, 186, 214, 354, 642
26, 186, 214, 354, 642
27, 186, 214, 354, 642
28, 186, 214, 354, 642
29, 186, 214, 354, 642
30, 186, 214, 354, 642
31, 186, 214, 354, 642
32, 186, 214, 354, 642
33, 186, 214, 354, 642
34, 186, 214, 354, 642
35, 186, 214, 354, 642
36, 186, 214, 354, 642
37, 186, 214, 354, 642
38, 186, 214, 354, 642
39, 186, 214, 354, 642
40, 186, 214, 354, 642
41, 186, 214, 354, 642
42, 186, 214, 354, 642
43, 186, 214, 354, 642
44, 186, 214, 354, 642
45, 186, 214, 354, 642
46, 186, 214, 354, 642
47, 186, 214, 354, 642
48, 186, 214, 354, 642
49, 186, 214, 354, 642
50, 186, 214, 354, 642
51, 186, 214, 354, 642
52, 186, 214, 354, 642
53, 186, 214, 354, 642
54, 186, 214, 354, 642
55, 186, 214, 354, 642
56, 186, 214, 354, 642
57, 186, 214, 354, 642
58, 186, 214, 354, 642
59, 186, 214, 354, 642
60, 186, 214, 354, 642
61, 186, 214, 354, 642
62, 186, 214, 354, 642
63, 186, 214, 354, 642
64, 186, 214, 354, 642
65, 186, 214, 354, 642
66, 186, 214, 354, 642
67, 186, 214, 354, 642
68, 186, 214, 354, 642
69, 186, 214, 354, 642
70, 184, 214, 352, 642
71, 184, 214, 352, 642
72, 184, 214, 352, 642
73, 184, 214, 352, 642
74, 184, 214, 352, 642
75, 186, 212, 354, 640
76, 186, 214, 354, 642
77, 184, 214, 352, 642
78, 184, 214, 352, 642
79, 184, 214, 352, 642
80, 184, 214, 352, 642
81, 184, 214, 352, 642
82, 184, 214, 352, 642
83, 184, 214, 352, 642
84, 184, 214, 352, 642
85, 184, 214, 352, 642
86, 184, 214, 352, 642
87, 184, 214, 352, 642
88, 184, 214, 352, 642
89, 184, 214, 352, 642
90, 184, 214, 352, 642
91, 184, 214, 352, 642
92, 184, 214, 352, 642
93, 184, 214, 352, 642
94, 184, 214, 352, 642
95, 184, 214, 352, 642
96, 184, 214, 352, 642
97, 184, 214, 352, 642
98, 184, 214, 352, 642
99, 184, 214, 352, 642
100, 184, 214, 352, 642
101, 184, 214, 352, 642
102, 184, 214, 352, 642
103, 184, 214, 352, 642
104, 184, 214, 352, 642
105, 184, 214, 352, 642
106, 184, 214, 352, 642
107, 184, 214, 352, 642
108, 184, 214, 352, 642
109, 184, 214, 352, 642
110, 184, 214, 352, 642
111, 184, 214, 352, 642
112, 184, 214, 352, 642
113, 184, 214, 352, 642
114, 184, 214, 352, 642
115, 184, 214, 352, 642
116, 184, 214, 352, 642
117, 184, 214, 352, 642
118, 184, 214, 352, 642
119, 184, 214, 352, 642
120, 184, 214, 352, 642
121, 184, 214, 352, 642
122, 184, 214, 352, 642
123, 184, 214, 352, 642
124, 184, 214, 352, 642
125, 0, 0, 0, 0
126, 0, 0, 0, 0
127, 0, 0, 0, 0
128, 0, 0, 0, 0
129, 0, 0, 0, 0
130, 0, 0, 0, 0
131, 0, 0, 0, 0
132, 0, 0, 0, 0
133, 0, 0, 0, 0
134, 0, 0, 0, 0
135, 0, 0, 0, 0
136, 0, 0, 0, 0
137, 0, 0, 0, 0
138, 0, 0, 0, 0
139, 0, 0, 0, 0
140, 0, 0, 0, 0
141, 0, 0, 0, 0
142, 0, 0, 0, 0
143, 0, 0, 0, 0
144, 0, 0, 0, 0
145, 0, 0, 0, 0
146, 0, 0, 0, 0
147, 0, 0, 0, 0
148, 0, 0, 0, 0
149, 0, 0, 0, 0
150, 0, 0, 0, 0
151, 0, 0, 0, 0
152, 0, 0, 0, 0
153, 0, 0, 0, 0
154, 0, 0, 0, 0
155, 0, 0, 0, 0
156, 0, 0, 0, 0
157, 0, 0, 0, 0
158, 0, 0, 0, 0
159, 0, 0, 0, 0
160, 0, 0, 0, 0
161, 0, 0, 0, 0
162, 0, 0, 0, 0
163, 0, 0, 0, 0
164, 0, 0, 0, 0
165, 0, 0, 0, 0
166, 0, 0, 0, 0
167, 0, 0, 0, 0
168, 0, 0, 0, 0
169, 0, 0, 0, 0
170, 0, 0, 0, 0
171, 0, 0, 0, 0
172, 0, 0, 0, 0
173, 0, 0, 0, 0
174, 0, 0, 0, 0
175, 0, 0, 0, 0
176, 0, 0, 0, 0
177, 0, 0, 0, 0
178, 0, 0, 0, 0
179, 0, 0, 0, 0
180, 0, 0, 0, 0
181, 0, 0, 0, 0
182, 0, 0, 0, 0
183, 0, 0, 0, 0
184, 0, 0, 0, 0
185, 0, 0, 0, 0
186, 0, 0, 0, 0
187, 0, 0, 0, 0
188, 0, 0, 0, 0
189, 0, 0, 0, 0
190, 0, 0, 0, 0
191, 0, 0, 0, 0
192, 0, 0, 0, 0
193, 0, 0, 0, 0
194, 0, 0, 0, 0
195, 0, 0, 0, 0
196, 0, 0, 0, 0
197, 0, 0, 0, 0
198, 0, 0, 0, 0
199, 0, 0, 0, 0
200, 0, 0, 0, 0
201, 0, 0, 0, 0
202, 0, 0, 0, 0
203, 0, 0, 0, 0
204, 0, 0, 0, 0
205, 0, 0, 0, 0
206, 0, 0, 0, 0
207, 0, 0, 0, 0
208, 0, 0, 0, 0
209, 0, 0, 0, 0
210, 0, 0, 0, 0
211, 0, 0, 0, 0
212, 0, 0, 0, 0
213, 0, 0, 0, 0
214, 0, 0, 0, 0
215, 0, 0, 0, 0
216, 0, 0, 0, 0
217, 0, 0, 0, 0
218, 0, 0, 0, 0
219, 0, 0, 0, 0
220, 0, 0, 0, 0
221, 0, 0, 0, 0
222, 0, 0, 0, 0
223, 0, 0, 0, 0
224, 0, 0, 0, 0
225, 0, 0, 0, 0
226, 0, 0, 0, 0
227, 0, 0, 0, 0
228, 0, 0, 0, 0
229, 0, 0, 0, 0
230, 0, 0, 0, 0
231, 0, 0, 0, 0
232, 0, 0, 0, 0
233, 0, 0, 0, 0
234, 0, 0, 0, 0
235, 0, 0, 0, 0
236, 0, 0, 0, 0
237, 0, 0, 0, 0
238, 0, 0, 0, 0
239, 0, 0, 0, 0
240, 0, 0, 0, 0
241, 0, 0, 0, 0
242, 0, 0, 0, 0
243, 0, 0, 0, 0
244, 0, 0, 0, 0
245, 0, 0, 0, 0
246, 0, 0, 0, 0
247, 0, 0, 0, 0
248, 0, 0, 0, 0
249, 0, 0, 0, 0
250, 0, 0, 0, 0
251, 0, 0, 0, 0
252, 0, 0, 0, 0
253, 0, 0, 0, 0
254, 0, 0, 0, 0
255, 0, 0, 0, 0
256, 0, 0, 0, 0
257, 0, 0, 0, 0
258, 0, 0, 0, 0
259, 0, 0, 0, 0
260, 0, 0, 0, 0
261, 0, 0, 0, 0
262, 0, 0, 0, 0
263, 0, 0, 0, 0
264, 0, 0, 0, 0
265, 0, 0, 0, 0
266, 0, 0, 0, 0
267, 0, 0, 0, 0
268, 0, 0, 0, 0
269, 0, 0, 0, 0
270, 0, 0, 0, 0
271, 0, 0, 0, 0
272, 0, 0, 0, 0
273, 0, 0, 0, 0
274, 0, 0, 0, 0
275, 0, 0, 0, 0
276, 0, 0, 0, 0
277, 0, 0, 0, 0
278, 0, 0, 0, 0
279, 0, 0, 0, 0
280, 0, 0, 0, 0
281, 0, 0, 0, 0
282, 0, 0, 0, 0
283, 0, 0, 0, 0
284, 0, 0, 0, 0
285, 0, 0, 0, 0
286, 0, 0, 0, 0
287, 0, 0, 0, 0
288, 0, 0, 0, 0
289, 0, 0, 0, 0
290, 0, 0, 0, 0
291, 0, 0, 0, 0
292, 0, 0, 0, 0
293, 0, 0, 0, 0
294, 0, 0, 0, 0
