prist/00095.mp4
forged/00095_000-047-233-294.mp4
0 48 234 294
frame, x1, y1, x2, y2
0, 1008, 230, 1230, 698
1, 1012, 230, 1234, 698
2, 1014, 228, 1236, 696
3, 1018, 228, 1240, 696
4, 1020, 228, 1242, 696
5, 1022, 228, 1244, 696
6, 1024, 226, 1246, 694
7, 1028, 226, 1250, 694
8, 1034, 228, 1256, 696
9, 1040, 228, 1262, 696
10, 1048, 230, 1270, 698
11, 1056, 234, 1278, 702
12, 1056, 238, 1278, 706
13, 1056, 236, 1278, 704
14, 1056, 234, 1278, 702
15, 1056, 234, 1278, 702
16, 1056, 232, 1278, 700
17, 1056, 226, 1278, 694
18, 1056, 232, 1278, 700
19, 1056, 234, 1278, 702
20, 1056, 236, 1278, 704
21, 1056, 236, 1278, 704
22, 1056, 238, 1278, 706
23, 1056, 240, 1278, 708
24, 1056, 248, 1278, 716
25, 1052, 240, 1274, 708
26, 1054, 240, 1276, 708
27, 1056, 238, 1278, 706
28, 1056, 238, 1278, 706
29, 1056, 240, 1278, 708
30, 1082, 212, 1264, 690
31, 1082, 210, 1264, 688
32, 1082, 212, 1264, 690
33, 1082, 212, 1264, 690
34, 1082, 212, 1264, 690
35, 1082, 210, 1264, 688
36, 1082, 210, 1264, 688
37, 1082, 210, 1264, 688
38, 1082, 210, 1264, 688
39, 1082, 210, 1264, 688
40, 1082, 210, 1264, 688
41, 1082, 210, 1264, 688
42, 1082, 210, 1264, 688
43, 1082, 210, 1264, 688
44, 1082, 210, 1264, 688
45, 1082, 210, 1264, 688
46, 1082, 210, 1264, 688
47, 1082, 210, 1264, 688
48, 1082, 210, 1264, 688
49, 0, 0, 0, 0
50, 0, 0, 0, 0
51, 0, 0, 0, 0
52, 0, 0, 0, 0
53, 0, 0, 0, 0
54, 0, 0, 0, 0
55, 0, 0, 0, 0
56, 0, 0, 0, 0
57, 0, 0, 0, 0
58, 0, 0, 0, 0
59, 0, 0, 0, 0
60, 0, 0, 0, 0
61, 0, 0, 0, 0
62, 0, 0, 0, 0
63, 0, 0, 0, 0
64, 0, 0, 0, 0
65, 0, 0, 0, 0
66, 0, 0, 0, 0
67, 0, 0, 0, 0
68, 0, 0, 0, 0
69, 0, 0, 0, 0
70, 0, 0, 0, 0
71, 0, 0, 0, 0
72, 0, 0, 0, 0
73, 0, 0, 0, 0
74, 0, 0, 0, 0
75, 0, 0, 0, 0
76, 0, 0, 0, 0
77, 0, 0, 0, 0
78, 0, 0, 0, 0
79, 0, 0, 0, 0
80, 0, 0, 0, 0
81, 0, 0, 0, 0
82, 0, 0, 0, 0
83, 0, 0, 0, 0
84, 0, 0, 0, 0
85, 0, 0, 0, 0
86, 0, 0, 0, 0
87, 0, 0, 0, 0
88, 0, 0, 0, 0
89, 0, 0, 0, 0
90, 0, 0, 0, 0
91, 0, 0, 0, 0
92, 0, 0, 0, 0
93, 0, 0, 0, 0
94, 0, 0, 0, 0
95, 0, 0, 0, 0
96, 0, 0, 0, 0
97, 0, 0, 0, 0
98, 0, 0, 0, 0
99, 0, 0, 0, 0
100, 0, 0, 0, 0
101, 0, 0, 0, 0
102, 0, 0, 0, 0
103, 0, 0, 0, 0
104, 0, 0, 0, 0
105, 0, 0, 0, 0
106, 0, 0, 0, 0
107, 0, 0, 0, 0
108, 0, 0, 0, 0
109, 0, 0, 0, 0
110, 0, 0, 0, 0
111, 0, 0, 0, 0
112, 0, 0, 0, 0
113, 0, 0, 0, 0
114, 0, 0, 0, 0
115, 0, 0, 0, 0
116, 0, 0, 0, 0
117, 0, 0, 0, 0
118, 0, 0, 0, 0
119, 0, 0, 0, 0
120, 0, 0, 0, 0
121, 0, 0, 0, 0
122, 0, 0, 0, 0
123, 0, 0, 0, 0
124, 0, 0, 0, 0
125, 0, 0, 0, 0
126, 0, 0, 0, 0
127, 0, 0, 0, 0
128, 0, 0, 0, 0
129, 0, 0, 0, 0
130, 0, 0, 0, 0
131, 0, 0, 0, 0
132, 0, 0, 0, 0
133, 0, 0, 0, 0
134, 0, 0, 0, 0
135, 0, 0, 0, 0
136, 0, 0, 0, 0
137, 0, 0, 0, 0
138, 0, 0, 0, 0
139, 0, 0, 0, 0
140, 0, 0, 0, 0
141, 0, 0, 0, 0
142, 0, 0, 0, 0
143, 0, 0, 0, 0
144, 0, 0, 0, 0
145, 0, 0, 0, 0
146, 0, 0, 0, 0
147, 0, 0, 0, 0
148, 0, 0, 0, 0
149, 0, 0, 0, 0
150, 0, 0, 0, 0
151, 0, 0, 0, 0
152, 0, 0, 0, 0
153, 0, 0, 0, 0
154, 0, 0, 0, 0
155, 0, 0, 0, 0
156, 0, 0, 0, 0
157, 0, 0, 0, 0
158, 0, 0, 0, 0
159, 0, 0, 0, 0
160, 0, 0, 0, 0
161, 0, 0, 0, 0
162, 0, 0, 0, 0
163, 0, 0, 0, 0
164, 0, 0, 0, 0
165, 0, 0, 0, 0
166, 0, 0, 0, 0
167, 0, 0, 0, 0
168, 0, 0, 0, 0
169, 0, 0, 0, 0
170, 0, 0, 0, 0
171, 0, 0, 0, 0
172, 0, 0, 0, 0
173, 0, 0, 0, 0
174, 0, 0, 0, 0
175, 0, 0, 0, 0
176, 0, 0, 0, 0
177, 0, 0, 0, 0
178, 0, 0, 0, 0
179, 0, 0, 0, 0
180, 0, 0, 0, 0
181, 0, 0, 0, 0
182, 0, 0, 0, 0
183, 0, 0, 0, 0
184, 0, 0, 0, 0
185, 0, 0, 0, 0
186, 0, 0, 0, 0
187, 0, 0, 0, 0
188, 0, 0, 0, 0
189, 0, 0, 0, 0
190, 0, 0, 0, 0
191, 0, 0, 0, 0
192, 0, 0, 0, 0
193, 0, 0, 0, 0
194, 0, 0, 0, 0
195, 0, 0, 0, 0
196, 0, 0, 0, 0
197, 0, 0, 0, 0
198, 0, 0, 0, 0
199, 0, 0, 0, 0
200, 0, 0, 0, 0
201, 0, 0, 0, 0
202, 0, 0, 0, 0
203, 0, 0, 0, 0
204, 0, 0, 0, 0
205, 0, 0, 0, 0
206, 0, 0, 0, 0
207, 0, 0, 0, 0
208, 0, 0, 0, 0
209, 0, 0, 0, 0
210, 0, 0, 0, 0
211, 0, 0, 0, 0
212, 0, 0, 0, 0
213, 0, 0, 0, 0
214, 0, 0, 0, 0
215, 0, 0, 0, 0
216, 0, 0, 0, 0
217, 0, 0, 0, 0
218, 0, 0, 0, 0
219, 0, 0, 0, 0
220, 0, 0, 0, 0
221, 0, 0, 0, 0
222, 0, 0, 0, 0
223, 0, 0, 0, 0
224, 0, 0, 0, 0
225, 0, 0, 0, 0
226, 0, 0, 0, 0
227, 0, 0, 0, 0
228, 0, 0, 0, 0
229, 0, 0, 0, 0
230, 0, 0, 0, 0
231, 0, 0, 0, 0
232, 0, 0, 0, 0
233, 0, 0, 0, 0
234, 22, 414, 272, 708
235, 20, 412, 270, 706
236, 22, 414, 272, 708
237, 22, 414, 272, 708
238, 22, 414, 272, 708
239, 22, 414, 272, 708
240, 20, 414, 270, 708
241, 22, 414, 272, 708
242, 20, 414, 270, 708
243, 22, 414, 272, 708
244, 20, 414, 270, 708
245, 20, 414, 270, 708
246, 20, 414, 270, 708
247, 22, 412, 272, 706
248, 22, 412, 272, 706
249, 22, 412, 272, 706
250, 20, 412, 270, 706
251, 20, 412, 270, 706
252, 20, 412, 270, 706
253, 20, 412, 270, 706
254, 20, 412, 270, 706
255, 22, 412, 272, 706
256, 20, 412, 270, 706
257, 20, 412, 270, 706
258, 20, 412, 270, 706
259, 20, 412, 270, 706
260, 20, 412, 270, 706
261, 20, 412, 270, 706
262, 20, 412, 270, 706
263, 20, 412, 270, 706
264, 20, 412, 270, 706
265, 20, 412, 270, 706
266, 20, 412, 270, 706
267, 20, 412, 270, 706
268, 20, 412, 270, 706
269, 20, 412, 270, 706
270, 20, 412, 270, 706
271, 20, 412, 270, 706
272, 20, 412, 270, 706
273, 20, 412, 270, 706
274, 20, 412, 270, 706
275, 20, 412, 270, 706
276, 20, 412, 270, 706
277, 20, 412, 270, 706
278, 20, 412, 270, 706
279, 20, 412, 270, 706
280, 20, 412, 270, 706
281, 20, 412, 270, 706
282, 20, 412, 270, 706
283, 20, 412, 270, 706
284, 20, 412, 270, 706
285, 20, 412, 270, 706
286, 20, 412, 270, 706
287, 20, 412, 270, 706
288, 20, 412, 270, 706
289, 20, 412, 270, 706
290, 20, 412, 270, 706
291, 20, 412, 270, 706
292, 20, 412, 270, 706
293, 20, 412, 270, 706
294, 20, 412, 270, 706
