prist/00021.mp4
forged/00021_000-062.mp4
frame, x1, y1, x2, y2
000, 018, 420, 711, 705, 
001, 036, 411, 726, 705, 
002, 054, 402, 744, 705, 
003, 072, 393, 762, 705, 
004, 093, 387, 780, 705, 
005, 111, 378, 798, 705, 
006, 129, 369, 816, 705, 
007, 147, 360, 834, 705, 
008, 168, 354, 852, 705, 
009, 186, 345, 870, 705, 
010, 204, 336, 888, 705, 
011, 222, 327, 906, 705, 
012, 243, 321, 924, 708, 
013, 264, 315, 948, 705, 
014, 285, 312, 972, 705, 
015, 306, 306, 996, 705, 
016, 330, 303, 1020, 702, 
017, 351, 297, 1044, 702, 
018, 372, 294, 1068, 702, 
019, 396, 288, 1092, 699, 
020, 417, 285, 1116, 699, 
021, 438, 279, 1140, 699, 
022, 462, 276, 1164, 699, 
023, 498, 276, 1176, 696, 
024, 534, 276, 1188, 696, 
025, 570, 276, 1200, 696, 
026, 609, 276, 1212, 696, 
027, 645, 276, 1224, 696, 
028, 681, 276, 1236, 696, 
029, 717, 276, 1248, 696, 
030, 756, 279, 1263, 696, 
031, 762, 276, 1260, 693, 
032, 771, 273, 1260, 693, 
033, 780, 273, 1260, 693, 
034, 786, 270, 1257, 690, 
035, 795, 267, 1257, 690, 
036, 804, 267, 1257, 690, 
037, 813, 264, 1254, 687, 
038, 819, 261, 1254, 687, 
039, 828, 261, 1254, 687, 
040, 837, 258, 1251, 684, 
041, 846, 255, 1251, 684, 
042, 852, 255, 1251, 684, 
043, 861, 252, 1248, 681, 
044, 870, 249, 1248, 681, 
045, 879, 249, 1248, 681, 
046, 885, 249, 1248, 681, 
047, 894, 252, 1248, 681, 
048, 900, 252, 1251, 684, 
049, 909, 255, 1251, 684, 
050, 915, 255, 1254, 684, 
051, 924, 258, 1254, 687, 
052, 930, 261, 1257, 687, 
053, 939, 261, 1257, 687, 
054, 945, 264, 1260, 690, 
055, 954, 264, 1260, 690, 
056, 960, 267, 1263, 690, 
057, 969, 270, 1263, 693, 
058, 975, 270, 1266, 693, 
059, 984, 273, 1266, 693, 
060, 990, 273, 1269, 696, 
061, 999, 276, 1269, 696, 
062, 1008, 279, 1272, 699, 
